1
4 950 
2 4 91 67 91 75 99 75 99 67 0
2 4 91 115 91 123 99 123 99 115 0
2 4 91 379 91 387 99 387 99 379 0
2 4 91 131 91 139 99 139 99 131 0
2 4 99 107 99 115 107 115 107 107 0
2 4 91 107 91 115 99 115 99 107 0
2 4 91 363 91 371 99 371 99 363 0
2 4 91 139 91 147 99 147 99 139 0
2 4 91 91 91 99 99 99 99 91 0
2 4 91 123 91 131 99 131 99 123 0
2 4 91 315 91 323 99 323 99 315 0
2 4 91 75 91 83 99 83 99 75 0
2 4 91 355 91 363 99 363 99 355 0
2 4 91 59 91 67 99 67 99 59 0
2 4 91 83 91 91 99 91 99 83 0
2 4 99 115 99 123 107 123 107 115 0
2 4 99 59 99 67 107 67 107 59 0
2 4 91 307 91 315 99 315 99 307 0
2 4 99 67 99 75 107 75 107 67 0
2 4 99 75 99 83 107 83 107 75 0
2 4 91 195 91 203 99 203 99 195 0
2 4 91 299 91 307 99 307 99 299 0
2 4 91 323 91 331 99 331 99 323 0
2 4 91 331 91 339 99 339 99 331 0
2 4 99 99 99 107 107 107 107 99 0
2 4 91 211 91 219 99 219 99 211 0
2 4 91 163 91 171 99 171 99 163 0
2 4 107 155 107 163 115 163 115 155 0
2 4 99 203 99 211 107 211 107 203 0
2 4 99 187 99 195 107 195 107 187 0
2 4 99 139 99 147 107 147 107 139 0
2 4 99 347 99 355 107 355 107 347 0
2 4 91 99 91 107 99 107 99 99 0
2 4 107 67 107 75 115 75 115 67 0
2 4 99 339 99 347 107 347 107 339 0
2 4 99 315 99 323 107 323 107 315 0
2 4 99 355 99 363 107 363 107 355 0
2 4 99 371 99 379 107 379 107 371 0
2 4 107 187 107 195 115 195 115 187 0
2 4 99 163 99 171 107 171 107 163 0
2 4 99 299 99 307 107 307 107 299 0
2 4 99 363 99 371 107 371 107 363 0
2 4 107 163 107 171 115 171 115 163 0
2 4 99 123 99 131 107 131 107 123 0
2 4 99 131 99 139 107 139 107 131 0
2 4 99 155 99 163 107 163 107 155 0
2 4 99 323 99 331 107 331 107 323 0
2 4 99 331 99 339 107 339 107 331 0
2 4 107 203 107 211 115 211 115 203 0
2 4 99 147 99 155 107 155 107 147 0
2 4 107 195 107 203 115 203 115 195 0
2 4 99 283 99 291 107 291 107 283 0
2 4 99 195 99 203 107 203 107 195 0
2 4 99 227 99 235 107 235 107 227 0
2 4 99 307 99 315 107 315 107 307 0
2 4 99 379 99 387 107 387 107 379 0
2 4 107 59 107 67 115 67 115 59 0
2 4 99 219 99 227 107 227 107 219 0
2 4 99 291 99 299 107 299 107 291 0
2 4 107 219 107 227 115 227 115 219 0
2 4 107 211 107 219 115 219 115 211 0
2 4 107 235 107 243 115 243 115 235 0
2 4 99 211 99 219 107 219 107 211 0
2 4 107 251 107 259 115 259 115 251 0
2 4 107 259 107 267 115 267 115 259 0
2 4 107 243 107 251 115 251 115 243 0
2 4 107 283 107 291 115 291 115 283 0
2 4 107 291 107 299 115 299 115 291 0
2 4 107 227 107 235 115 235 115 227 0
2 4 91 219 91 227 99 227 99 219 0
2 4 91 187 91 195 99 195 99 187 0
2 4 91 371 91 379 99 379 99 371 0
2 4 91 339 91 347 99 347 99 339 0
2 4 91 155 91 163 99 163 99 155 0
2 4 91 283 91 291 99 291 99 283 0
2 4 91 227 91 235 99 235 99 227 0
2 4 99 91 99 99 107 99 107 91 0
2 4 91 291 91 299 99 299 99 291 0
2 4 99 83 99 91 107 91 107 83 0
2 4 91 147 91 155 99 155 99 147 0
2 4 91 347 91 355 99 355 99 347 0
2 4 91 203 91 211 99 211 99 203 0
2 4 107 371 107 379 115 379 115 371 0
2 4 115 211 115 219 123 219 123 211 0
2 4 123 123 123 131 131 131 131 123 0
2 4 115 235 115 243 123 243 123 235 0
2 4 115 291 115 299 123 299 123 291 0
2 4 123 163 123 171 131 171 131 163 0
2 4 123 195 123 203 131 203 131 195 0
2 4 115 155 115 163 123 163 123 155 0
2 4 115 259 115 267 123 267 123 259 0
2 4 115 203 115 211 123 211 123 203 0
2 4 123 91 123 99 131 99 131 91 0
2 4 115 219 115 227 123 227 123 219 0
2 4 123 99 123 107 131 107 131 99 0
2 4 115 371 115 379 123 379 123 371 0
2 4 123 187 123 195 131 195 131 187 0
2 4 123 155 123 163 131 163 131 155 0
2 4 115 243 115 251 123 251 123 243 0
2 4 115 283 115 291 123 291 123 283 0
2 4 115 67 115 75 123 75 123 67 0
2 4 115 195 115 203 123 203 123 195 0
2 4 115 251 115 259 123 259 123 251 0
2 4 123 115 123 123 131 123 131 115 0
2 4 115 187 115 195 123 195 123 187 0
2 4 115 379 115 387 123 387 123 379 0
2 4 123 219 123 227 131 227 131 219 0
2 4 123 67 123 75 131 75 131 67 0
2 4 123 107 123 115 131 115 131 107 0
2 4 115 227 115 235 123 235 123 227 0
2 4 115 59 115 67 123 67 123 59 0
2 4 123 131 123 139 131 139 131 131 0
2 4 107 379 107 387 115 387 115 379 0
2 4 123 59 123 67 131 67 131 59 0
2 4 123 323 123 331 131 331 131 323 0
2 4 123 371 123 379 131 379 131 371 0
2 4 123 227 123 235 131 235 131 227 0
2 4 123 347 123 355 131 355 131 347 0
2 4 123 379 123 387 131 387 131 379 0
2 4 123 339 123 347 131 347 131 339 0
2 4 123 283 123 291 131 291 131 283 0
2 4 115 163 115 171 123 171 123 163 0
2 4 123 291 123 299 131 299 131 291 0
2 4 123 315 123 323 131 323 131 315 0
2 4 139 163 139 171 147 171 147 163 0
2 4 139 291 139 299 147 299 147 291 0
2 4 131 347 131 355 139 355 139 347 0
2 4 139 315 139 323 147 323 147 315 0
2 4 131 187 131 195 139 195 139 187 0
2 4 131 323 131 331 139 331 139 323 0
2 4 131 99 131 107 139 107 139 99 0
2 4 131 219 131 227 139 227 139 219 0
2 4 139 131 139 139 147 139 147 131 0
2 4 131 163 131 171 139 171 139 163 0
2 4 139 91 139 99 147 99 147 91 0
2 4 139 331 139 339 147 339 147 331 0
2 4 139 123 139 131 147 131 147 123 0
2 4 139 155 139 163 147 163 147 155 0
2 4 131 91 131 99 139 99 139 91 0
2 4 131 331 131 339 139 339 139 331 0
2 4 139 347 139 355 147 355 147 347 0
2 4 139 107 139 115 147 115 147 107 0
2 4 139 283 139 291 147 291 147 283 0
2 4 139 339 139 347 147 347 147 339 0
2 4 139 59 139 67 147 67 147 59 0
2 4 131 195 131 203 139 203 139 195 0
2 4 131 339 131 347 139 347 139 339 0
2 4 131 59 131 67 139 67 139 59 0
2 4 139 67 139 75 147 75 147 67 0
2 4 131 291 131 299 139 299 139 291 0
2 4 131 67 131 75 139 75 139 67 0
2 4 131 107 131 115 139 115 139 107 0
2 4 131 115 131 123 139 123 139 115 0
2 4 139 323 139 331 147 331 147 323 0
2 4 139 235 139 243 147 243 147 235 0
2 4 139 115 139 123 147 123 147 115 0
2 4 131 155 131 163 139 163 139 155 0
2 4 131 227 131 235 139 235 139 227 0
2 4 131 315 131 323 139 323 139 315 0
2 4 131 371 131 379 139 379 139 371 0
2 4 139 99 139 107 147 107 147 99 0
2 4 131 379 131 387 139 387 139 379 0
2 4 123 331 123 339 131 339 131 331 0
2 4 131 131 131 139 139 139 139 131 0
2 4 131 283 131 291 139 291 139 283 0
2 4 131 123 131 131 139 131 139 123 0
2 4 155 115 155 123 163 123 163 115 0
2 4 155 59 155 67 163 67 163 59 0
2 4 147 115 147 123 155 123 155 115 0
2 4 139 379 139 387 147 387 147 379 0
2 4 147 131 147 139 155 139 155 131 0
2 4 147 347 147 355 155 355 155 347 0
2 4 147 371 147 379 155 379 155 371 0
2 4 147 59 147 67 155 67 155 59 0
2 4 147 283 147 291 155 291 155 283 0
2 4 155 123 155 131 163 131 163 123 0
2 4 147 67 147 75 155 75 155 67 0
2 4 147 155 147 163 155 163 155 155 0
2 4 155 131 155 139 163 139 163 131 0
2 4 147 379 147 387 155 387 155 379 0
2 4 155 107 155 115 163 115 163 107 0
2 4 147 243 147 251 155 251 155 243 0
2 4 155 99 155 107 163 107 163 99 0
2 4 147 99 147 107 155 107 155 99 0
2 4 155 155 155 163 163 163 163 155 0
2 4 147 91 147 99 155 99 155 91 0
2 4 147 107 147 115 155 115 155 107 0
2 4 147 339 147 347 155 347 155 339 0
2 4 147 235 147 243 155 243 155 235 0
2 4 155 67 155 75 163 75 163 67 0
2 4 147 163 147 171 155 171 155 163 0
2 4 147 331 147 339 155 339 155 331 0
2 4 139 371 139 379 147 379 147 371 0
2 4 147 323 147 331 155 331 155 323 0
2 4 147 123 147 131 155 131 155 123 0
2 4 139 243 139 251 147 251 147 243 0
2 4 155 91 155 99 163 99 163 91 0
2 4 147 291 147 299 155 299 155 291 0
2 4 147 315 147 323 155 323 155 315 0
2 4 155 227 155 235 163 235 163 227 0
2 4 155 163 155 171 163 171 163 163 0
2 4 155 283 155 291 163 291 163 283 0
2 4 155 243 155 251 163 251 163 243 0
2 4 155 235 155 243 163 243 163 235 0
2 4 155 211 155 219 163 219 163 211 0
2 4 155 315 155 323 163 323 163 315 0
2 4 155 203 155 211 163 211 163 203 0
2 4 155 291 155 299 163 299 163 291 0
2 4 163 91 163 99 171 99 171 91 0
2 4 163 211 163 219 171 219 171 211 0
2 4 163 123 163 131 171 131 171 123 0
2 4 163 227 163 235 171 235 171 227 0
2 4 163 67 163 75 171 75 171 67 0
2 4 163 115 163 123 171 123 171 115 0
2 4 163 315 163 323 171 323 171 315 0
2 4 163 291 163 299 171 299 171 291 0
2 4 155 379 155 387 163 387 163 379 0
2 4 163 235 163 243 171 243 171 235 0
2 4 163 59 163 67 171 67 171 59 0
2 4 163 163 163 171 171 171 171 163 0
2 4 155 339 155 347 163 347 163 339 0
2 4 163 347 163 355 171 355 171 347 0
2 4 163 155 163 163 171 163 171 155 0
2 4 163 323 163 331 171 331 171 323 0
2 4 163 331 163 339 171 339 171 331 0
2 4 155 219 155 227 163 227 163 219 0
2 4 163 371 163 379 171 379 171 371 0
2 4 155 331 155 339 163 339 163 331 0
2 4 163 219 163 227 171 227 171 219 0
2 4 163 379 163 387 171 387 171 379 0
2 4 155 347 155 355 163 355 163 347 0
2 4 163 283 163 291 171 291 171 283 0
2 4 163 203 163 211 171 211 171 203 0
2 4 163 339 163 347 171 347 171 339 0
2 4 155 323 155 331 163 331 163 323 0
2 4 155 371 155 379 163 379 163 371 0
2 4 163 243 163 251 171 251 171 243 0
2 4 163 99 163 107 171 107 171 99 0
2 4 163 131 163 139 171 139 171 131 0
2 4 163 107 163 115 171 115 171 107 0
2 4 171 59 171 67 179 67 179 59 0
2 4 171 67 171 75 179 75 179 67 0
2 4 171 195 171 203 179 203 179 195 0
2 4 171 163 171 171 179 171 179 163 0
2 4 171 227 171 235 179 235 179 227 0
2 4 171 187 171 195 179 195 179 187 0
2 4 171 155 171 163 179 163 179 155 0
2 4 171 219 171 227 179 227 179 219 0
2 4 171 235 171 243 179 243 179 235 0
2 4 171 243 171 251 179 251 179 243 0
2 4 179 243 179 251 187 251 187 243 0
2 4 179 219 179 227 187 227 187 219 0
2 4 179 187 179 195 187 195 187 187 0
2 4 187 83 187 91 195 91 195 83 0
2 4 187 99 187 107 195 107 195 99 0
2 4 179 235 179 243 187 243 187 235 0
2 4 171 371 171 379 179 379 179 371 0
2 4 187 147 187 155 195 155 195 147 0
2 4 171 283 171 291 179 291 179 283 0
2 4 179 155 179 163 187 163 187 155 0
2 4 179 283 179 291 187 291 187 283 0
2 4 171 379 171 387 179 387 179 379 0
2 4 179 227 179 235 187 235 187 227 0
2 4 187 75 187 83 195 83 195 75 0
2 4 179 371 179 379 187 379 187 371 0
2 4 187 59 187 67 195 67 195 59 0
2 4 187 131 187 139 195 139 195 131 0
2 4 187 67 187 75 195 75 195 67 0
2 4 187 115 187 123 195 123 195 115 0
2 4 179 195 179 203 187 203 187 195 0
2 4 179 67 179 75 187 75 187 67 0
2 4 171 291 171 299 179 299 179 291 0
2 4 187 107 187 115 195 115 195 107 0
2 4 187 123 187 131 195 131 195 123 0
2 4 179 291 179 299 187 299 187 291 0
2 4 187 155 187 163 195 163 195 155 0
2 4 179 59 179 67 187 67 187 59 0
2 4 187 139 187 147 195 147 195 139 0
2 4 179 379 179 387 187 387 187 379 0
2 4 179 163 179 171 187 171 187 163 0
2 4 187 91 187 99 195 99 195 91 0
2 4 187 163 187 171 195 171 195 163 0
2 4 187 291 187 299 195 299 195 291 0
2 4 187 299 187 307 195 307 195 299 0
2 4 187 259 187 267 195 267 195 259 0
2 4 187 195 187 203 195 203 195 195 0
2 4 187 307 187 315 195 315 195 307 0
2 4 187 227 187 235 195 235 195 227 0
2 4 187 219 187 227 195 227 195 219 0
2 4 187 283 187 291 195 291 195 283 0
2 4 187 187 187 195 195 195 195 187 0
2 4 187 251 187 259 195 259 195 251 0
2 4 195 355 195 363 203 363 203 355 0
2 4 219 115 219 123 227 123 227 115 0
2 4 219 155 219 163 227 163 227 155 0
2 4 195 371 195 379 203 379 203 371 0
2 4 219 131 219 139 227 139 227 131 0
2 4 195 283 195 291 203 291 203 283 0
2 4 195 107 195 115 203 115 203 107 0
2 4 195 75 195 83 203 83 203 75 0
2 4 195 139 195 147 203 147 203 139 0
2 4 187 315 187 323 195 323 195 315 0
2 4 219 107 219 115 227 115 227 107 0
2 4 211 259 211 267 219 267 219 259 0
2 4 219 123 219 131 227 131 227 123 0
2 4 219 163 219 171 227 171 227 163 0
2 4 195 347 195 355 203 355 203 347 0
2 4 195 99 195 107 203 107 203 99 0
2 4 203 187 203 195 211 195 211 187 0
2 4 195 339 195 347 203 347 203 339 0
2 4 203 195 203 203 211 203 211 195 0
2 4 195 195 195 203 203 203 203 195 0
2 4 195 67 195 75 203 75 203 67 0
2 4 195 131 195 139 203 139 203 131 0
2 4 219 91 219 99 227 99 227 91 0
2 4 195 163 195 171 203 171 203 163 0
2 4 211 219 211 227 219 227 219 219 0
2 4 211 227 211 235 219 235 219 227 0
2 4 203 227 203 235 211 235 211 227 0
2 4 203 219 203 227 211 227 211 219 0
2 4 195 259 195 267 203 267 203 259 0
2 4 211 187 211 195 219 195 219 187 0
2 4 219 187 219 195 227 195 227 187 0
2 4 195 59 195 67 203 67 203 59 0
2 4 219 363 219 371 227 371 227 363 0
2 4 219 347 219 355 227 355 227 347 0
2 4 195 379 195 387 203 387 203 379 0
2 4 195 363 195 371 203 371 203 363 0
2 4 227 131 227 139 235 139 235 131 0
2 4 227 99 227 107 235 107 235 99 0
2 4 219 307 219 315 227 315 227 307 0
2 4 227 123 227 131 235 131 235 123 0
2 4 195 315 195 323 203 323 203 315 0
2 4 219 339 219 347 227 347 227 339 0
2 4 219 299 219 307 227 307 227 299 0
2 4 227 91 227 99 235 99 235 91 0
2 4 219 371 219 379 227 379 227 371 0
2 4 219 267 219 275 227 275 227 267 0
2 4 219 195 219 203 227 203 227 195 0
2 4 211 195 211 203 219 203 219 195 0
2 4 219 355 219 363 227 363 227 355 0
2 4 219 275 219 283 227 283 227 275 0
2 4 195 307 195 315 203 315 203 307 0
2 4 219 379 219 387 227 387 227 379 0
2 4 227 115 227 123 235 123 235 115 0
2 4 219 283 219 291 227 291 227 283 0
2 4 227 107 227 115 235 115 235 107 0
2 4 203 251 203 259 211 259 211 251 0
2 4 219 251 219 259 227 259 227 251 0
2 4 195 331 195 339 203 339 203 331 0
2 4 219 259 219 267 227 267 227 259 0
2 4 219 291 219 299 227 299 227 291 0
2 4 219 99 219 107 227 107 227 99 0
2 4 195 323 195 331 203 331 203 323 0
2 4 203 259 203 267 211 267 211 259 0
2 4 211 251 211 259 219 259 219 251 0
2 4 187 339 187 347 195 347 195 339 0
2 4 195 123 195 131 203 131 203 123 0
2 4 195 299 195 307 203 307 203 299 0
2 4 195 115 195 123 203 123 203 115 0
2 4 195 187 195 195 203 195 203 187 0
2 4 195 147 195 155 203 155 203 147 0
2 4 187 355 187 363 195 363 195 355 0
2 4 195 91 195 99 203 99 203 91 0
2 4 195 219 195 227 203 227 203 219 0
2 4 187 347 187 355 195 355 195 347 0
2 4 195 155 195 163 203 163 203 155 0
2 4 195 291 195 299 203 299 203 291 0
2 4 195 227 195 235 203 235 203 227 0
2 4 187 363 187 371 195 371 195 363 0
2 4 195 251 195 259 203 259 203 251 0
2 4 187 379 187 387 195 387 195 379 0
2 4 195 83 195 91 203 91 203 83 0
2 4 187 323 187 331 195 331 195 323 0
2 4 187 371 187 379 195 379 195 371 0
2 4 187 331 187 339 195 339 195 331 0
2 4 227 299 227 307 235 307 235 299 0
2 4 227 187 227 195 235 195 235 187 0
2 4 227 379 227 387 235 387 235 379 0
2 4 235 131 235 139 243 139 243 131 0
2 4 235 259 235 267 243 267 243 259 0
2 4 235 267 235 275 243 275 243 267 0
2 4 227 371 227 379 235 379 235 371 0
2 4 227 291 227 299 235 299 235 291 0
2 4 235 187 235 195 243 195 243 187 0
2 4 235 203 235 211 243 211 243 203 0
2 4 235 275 235 283 243 283 243 275 0
2 4 227 163 227 171 235 171 235 163 0
2 4 227 259 227 267 235 267 235 259 0
2 4 235 123 235 131 243 131 243 123 0
2 4 227 355 227 363 235 363 235 355 0
2 4 227 339 227 347 235 347 235 339 0
2 4 227 307 227 315 235 315 235 307 0
2 4 235 211 235 219 243 219 243 211 0
2 4 235 147 235 155 243 155 243 147 0
2 4 227 195 227 203 235 203 235 195 0
2 4 227 267 227 275 235 275 235 267 0
2 4 227 363 227 371 235 371 235 363 0
2 4 227 275 227 283 235 283 235 275 0
2 4 235 251 235 259 243 259 243 251 0
2 4 235 195 235 203 243 203 243 195 0
2 4 227 347 227 355 235 355 235 347 0
2 4 227 155 227 163 235 163 235 155 0
2 4 227 283 227 291 235 291 235 283 0
2 4 235 219 235 227 243 227 243 219 0
2 4 235 227 235 235 243 235 243 227 0
2 4 227 251 227 259 235 259 235 251 0
2 4 235 139 235 147 243 147 243 139 0
2 4 243 259 243 267 251 267 251 259 0
2 4 243 227 243 235 251 235 251 227 0
2 4 243 147 243 155 251 155 251 147 0
2 4 251 75 251 83 259 83 259 75 0
2 4 243 347 243 355 251 355 251 347 0
2 4 251 107 251 115 259 115 259 107 0
2 4 243 195 243 203 251 203 251 195 0
2 4 251 99 251 107 259 107 259 99 0
2 4 243 291 243 299 251 299 251 291 0
2 4 243 323 243 331 251 331 251 323 0
2 4 243 187 243 195 251 195 251 187 0
2 4 243 251 243 259 251 259 251 251 0
2 4 251 115 251 123 259 123 259 115 0
2 4 235 331 235 339 243 339 243 331 0
2 4 243 339 243 347 251 347 251 339 0
2 4 251 83 251 91 259 91 259 83 0
2 4 235 339 235 347 243 347 243 339 0
2 4 243 211 243 219 251 219 251 211 0
2 4 251 91 251 99 259 99 259 91 0
2 4 243 219 243 227 251 227 251 219 0
2 4 235 283 235 291 243 291 243 283 0
2 4 243 275 243 283 251 283 251 275 0
2 4 243 267 243 275 251 275 251 267 0
2 4 243 123 243 131 251 131 251 123 0
2 4 243 331 243 339 251 339 251 331 0
2 4 243 283 243 291 251 291 251 283 0
2 4 235 291 235 299 243 299 243 291 0
2 4 235 323 235 331 243 331 243 323 0
2 4 243 203 243 211 251 211 251 203 0
2 4 243 139 243 147 251 147 251 139 0
2 4 235 347 235 355 243 355 243 347 0
2 4 243 131 243 139 251 139 251 131 0
2 4 251 139 251 147 259 147 259 139 0
2 4 251 163 251 171 259 171 259 163 0
2 4 251 203 251 211 259 211 259 203 0
2 4 251 299 251 307 259 307 259 299 0
2 4 251 371 251 379 259 379 259 371 0
2 4 251 211 251 219 259 219 259 211 0
2 4 251 379 251 387 259 387 259 379 0
2 4 251 227 251 235 259 235 259 227 0
2 4 251 179 251 187 259 187 259 179 0
2 4 251 155 251 163 259 163 259 155 0
2 4 251 307 251 315 259 315 259 307 0
2 4 251 171 251 179 259 179 259 171 0
2 4 251 251 251 259 259 259 259 251 0
2 4 251 147 251 155 259 155 259 147 0
2 4 251 339 251 347 259 347 259 339 0
2 4 251 187 251 195 259 195 259 187 0
2 4 251 347 251 355 259 355 259 347 0
2 4 251 195 251 203 259 203 259 195 0
2 4 251 259 251 267 259 267 259 259 0
2 4 251 219 251 227 259 227 259 219 0
2 4 259 299 259 307 267 307 267 299 0
2 4 259 107 259 115 267 115 267 107 0
2 4 259 147 259 155 267 155 267 147 0
2 4 267 83 267 91 275 91 275 83 0
2 4 259 195 259 203 267 203 267 195 0
2 4 267 107 267 115 275 115 275 107 0
2 4 267 115 267 123 275 123 275 115 0
2 4 259 219 259 227 267 227 267 219 0
2 4 259 203 259 211 267 211 267 203 0
2 4 259 171 259 179 267 179 267 171 0
2 4 259 91 259 99 267 99 267 91 0
2 4 267 75 267 83 275 83 275 75 0
2 4 259 139 259 147 267 147 267 139 0
2 4 259 251 259 259 267 259 267 251 0
2 4 259 339 259 347 267 347 267 339 0
2 4 267 67 267 75 275 75 275 67 0
2 4 259 75 259 83 267 83 267 75 0
2 4 259 155 259 163 267 163 267 155 0
2 4 259 307 259 315 267 315 267 307 0
2 4 267 59 267 67 275 67 275 59 0
2 4 259 347 259 355 267 355 267 347 0
2 4 259 379 259 387 267 387 267 379 0
2 4 259 371 259 379 267 379 267 371 0
2 4 259 259 259 267 267 267 267 259 0
2 4 259 163 259 171 267 171 267 163 0
2 4 259 227 259 235 267 235 267 227 0
2 4 259 211 259 219 267 219 267 211 0
2 4 259 115 259 123 267 123 267 115 0
2 4 259 187 259 195 267 195 267 187 0
2 4 259 179 259 187 267 187 267 179 0
2 4 259 99 259 107 267 107 267 99 0
2 4 259 83 259 91 267 91 267 83 0
2 4 267 203 267 211 275 211 275 203 0
2 4 275 131 275 139 283 139 283 131 0
2 4 275 83 275 91 283 91 283 83 0
2 4 267 339 267 347 275 347 275 339 0
2 4 275 219 275 227 283 227 283 219 0
2 4 275 67 275 75 283 75 283 67 0
2 4 275 195 275 203 283 203 283 195 0
2 4 267 187 267 195 275 195 275 187 0
2 4 275 187 275 195 283 195 283 187 0
2 4 267 243 267 251 275 251 275 243 0
2 4 275 115 275 123 283 123 283 115 0
2 4 267 131 267 139 275 139 275 131 0
2 4 267 267 267 275 275 275 275 267 0
2 4 267 323 267 331 275 331 275 323 0
2 4 275 123 275 131 283 131 283 123 0
2 4 267 379 267 387 275 387 275 379 0
2 4 267 355 267 363 275 363 275 355 0
2 4 275 211 275 219 283 219 283 211 0
2 4 267 227 267 235 275 235 275 227 0
2 4 267 235 267 243 275 243 275 235 0
2 4 267 211 267 219 275 219 275 211 0
2 4 267 363 267 371 275 371 275 363 0
2 4 267 219 267 227 275 227 275 219 0
2 4 275 107 275 115 283 115 283 107 0
2 4 267 123 267 131 275 131 275 123 0
2 4 275 75 275 83 283 83 283 75 0
2 4 275 59 275 67 283 67 283 59 0
2 4 267 331 267 339 275 339 275 331 0
2 4 275 203 275 211 283 211 283 203 0
2 4 267 195 267 203 275 203 275 195 0
2 4 267 275 267 283 275 283 275 275 0
2 4 267 371 267 379 275 379 275 371 0
2 4 283 91 283 99 291 99 291 91 0
2 4 275 275 275 283 283 283 283 275 0
2 4 283 147 283 155 291 155 291 147 0
2 4 275 323 275 331 283 331 283 323 0
2 4 275 355 275 363 283 363 283 355 0
2 4 283 139 283 147 291 147 291 139 0
2 4 275 371 275 379 283 379 283 371 0
2 4 275 267 275 275 283 275 283 267 0
2 4 283 187 283 195 291 195 291 187 0
2 4 275 227 275 235 283 235 283 227 0
2 4 275 331 275 339 283 339 283 331 0
2 4 283 179 283 187 291 187 291 179 0
2 4 283 155 283 163 291 163 291 155 0
2 4 283 99 283 107 291 107 291 99 0
2 4 283 163 283 171 291 171 291 163 0
2 4 283 171 283 179 291 179 291 171 0
2 4 275 243 275 251 283 251 283 243 0
2 4 275 379 275 387 283 387 283 379 0
2 4 275 363 275 371 283 371 283 363 0
2 4 275 235 275 243 283 243 283 235 0
2 4 307 339 307 347 315 347 315 339 0
2 4 315 211 315 219 323 219 323 211 0
2 4 307 219 307 227 315 227 315 219 0
2 4 315 123 315 131 323 131 323 123 0
2 4 299 283 299 291 307 291 307 283 0
2 4 315 67 315 75 323 75 323 67 0
2 4 299 291 299 299 307 299 307 291 0
2 4 307 371 307 379 315 379 315 371 0
2 4 291 307 291 315 299 315 299 307 0
2 4 307 379 307 387 315 387 315 379 0
2 4 315 83 315 91 323 91 323 83 0
2 4 299 339 299 347 307 347 307 339 0
2 4 291 323 291 331 299 331 299 323 0
2 4 315 227 315 235 323 235 323 227 0
2 4 307 283 307 291 315 291 315 283 0
2 4 315 99 315 107 323 107 323 99 0
2 4 315 259 315 267 323 267 323 259 0
2 4 291 243 291 251 299 251 299 243 0
2 4 307 347 307 355 315 355 315 347 0
2 4 291 299 291 307 299 307 299 299 0
2 4 315 203 315 211 323 211 323 203 0
2 4 315 267 315 275 323 275 323 267 0
2 4 315 147 315 155 323 155 323 147 0
2 4 299 219 299 227 307 227 307 219 0
2 4 315 155 315 163 323 163 323 155 0
2 4 315 251 315 259 323 259 323 251 0
2 4 299 299 299 307 307 307 307 299 0
2 4 307 211 307 219 315 219 315 211 0
2 4 291 219 291 227 299 227 299 219 0
2 4 315 131 315 139 323 139 323 131 0
2 4 315 139 315 147 323 147 323 139 0
2 4 307 275 307 283 315 283 315 275 0
2 4 315 75 315 83 323 83 323 75 0
2 4 283 219 283 227 291 227 291 219 0
2 4 291 171 291 179 299 179 299 171 0
2 4 307 227 307 235 315 235 315 227 0
2 4 283 195 283 203 291 203 291 195 0
2 4 315 59 315 67 323 67 323 59 0
2 4 315 219 315 227 323 227 323 219 0
2 4 307 307 307 315 315 315 315 307 0
2 4 283 251 283 259 291 259 291 251 0
2 4 291 187 291 195 299 195 299 187 0
2 4 283 299 283 307 291 307 291 299 0
2 4 283 323 283 331 291 331 291 323 0
2 4 315 107 315 115 323 115 323 107 0
2 4 307 291 307 299 315 299 315 291 0
2 4 307 299 307 307 315 307 315 299 0
2 4 291 139 291 147 299 147 299 139 0
2 4 291 155 291 163 299 163 299 155 0
2 4 283 307 283 315 291 315 291 307 0
2 4 283 227 283 235 291 235 291 227 0
2 4 291 163 291 171 299 171 299 163 0
2 4 283 235 283 243 291 243 291 235 0
2 4 291 147 291 155 299 155 299 147 0
2 4 291 179 291 187 299 187 299 179 0
2 4 283 243 283 251 291 251 291 243 0
2 4 315 91 315 99 323 99 323 91 0
2 4 291 91 291 99 299 99 299 91 0
2 4 291 99 291 107 299 107 299 99 0
2 4 315 115 315 123 323 123 323 115 0
2 4 283 259 283 267 291 267 291 259 0
2 4 283 331 283 339 291 339 291 331 0
2 4 307 267 307 275 315 275 315 267 0
2 4 315 163 315 171 323 171 323 163 0
2 4 291 251 291 259 299 259 299 251 0
2 4 299 307 299 315 307 315 307 307 0
2 4 299 379 299 387 307 387 307 379 0
2 4 291 259 291 267 299 267 299 259 0
2 4 307 203 307 211 315 211 315 203 0
2 4 299 347 299 355 307 355 307 347 0
2 4 299 211 299 219 307 219 307 211 0
2 4 291 195 291 203 299 203 299 195 0
2 4 307 187 307 195 315 195 315 187 0
2 4 291 235 291 243 299 243 299 235 0
2 4 299 227 299 235 307 235 307 227 0
2 4 307 195 307 203 315 203 315 195 0
2 4 291 227 291 235 299 235 299 227 0
2 4 291 331 291 339 299 339 299 331 0
2 4 299 267 299 275 307 275 307 267 0
2 4 299 275 299 283 307 283 307 275 0
2 4 299 195 299 203 307 203 307 195 0
2 4 299 371 299 379 307 379 307 371 0
2 4 299 203 299 211 307 211 307 203 0
2 4 299 187 299 195 307 195 307 187 0
2 4 339 259 339 267 347 267 347 259 0
2 4 339 363 339 371 347 371 347 363 0
2 4 331 355 331 363 339 363 339 355 0
2 4 331 203 331 211 339 211 339 203 0
2 4 331 251 331 259 339 259 339 251 0
2 4 331 283 331 291 339 291 339 283 0
2 4 339 251 339 259 347 259 347 251 0
2 4 339 59 339 67 347 67 347 59 0
2 4 331 299 331 307 339 307 339 299 0
2 4 339 379 339 387 347 387 347 379 0
2 4 347 59 347 67 355 67 355 59 0
2 4 339 371 339 379 347 379 347 371 0
2 4 339 163 339 171 347 171 347 163 0
2 4 339 339 339 347 347 347 347 339 0
2 4 331 155 331 163 339 163 339 155 0
2 4 347 67 347 75 355 75 355 67 0
2 4 339 315 339 323 347 323 347 315 0
2 4 331 291 331 299 339 299 339 291 0
2 4 339 299 339 307 347 307 347 299 0
2 4 339 307 339 315 347 315 347 307 0
2 4 339 211 339 219 347 219 347 211 0
2 4 331 315 331 323 339 323 339 315 0
2 4 339 67 339 75 347 75 347 67 0
2 4 331 67 331 75 339 75 339 67 0
2 4 339 203 339 211 347 211 347 203 0
2 4 331 163 331 171 339 171 339 163 0
2 4 331 379 331 387 339 387 339 379 0
2 4 331 371 331 379 339 379 339 371 0
2 4 339 323 339 331 347 331 347 323 0
2 4 339 347 339 355 347 355 347 347 0
2 4 339 355 339 363 347 363 347 355 0
2 4 339 155 339 163 347 163 347 155 0
2 4 355 59 355 67 363 67 363 59 0
2 4 347 219 347 227 355 227 355 219 0
2 4 355 107 355 115 363 115 363 107 0
2 4 355 123 355 131 363 131 363 123 0
2 4 355 131 355 139 363 139 363 131 0
2 4 347 195 347 203 355 203 355 195 0
2 4 347 131 347 139 355 139 355 131 0
2 4 347 155 347 163 355 163 355 155 0
2 4 355 155 355 163 363 163 363 155 0
2 4 347 115 347 123 355 123 355 115 0
2 4 355 163 355 171 363 171 363 163 0
2 4 347 99 347 107 355 107 355 99 0
2 4 347 187 347 195 355 195 355 187 0
2 4 347 315 347 323 355 323 355 315 0
2 4 347 267 347 275 355 275 355 267 0
2 4 347 291 347 299 355 299 355 291 0
2 4 347 123 347 131 355 131 355 123 0
2 4 355 67 355 75 363 75 363 67 0
2 4 347 347 347 355 355 355 355 347 0
2 4 347 91 347 99 355 99 355 91 0
2 4 347 227 347 235 355 235 355 227 0
2 4 347 283 347 291 355 291 355 283 0
2 4 347 163 347 171 355 171 355 163 0
2 4 347 323 347 331 355 331 355 323 0
2 4 347 307 347 315 355 315 355 307 0
2 4 347 275 347 283 355 283 355 275 0
2 4 355 99 355 107 363 107 363 99 0
2 4 355 91 355 99 363 99 363 91 0
2 4 347 107 347 115 355 115 355 107 0
2 4 347 339 347 347 355 347 355 339 0
2 4 347 355 347 363 355 363 355 355 0
2 4 355 115 355 123 363 123 363 115 0
2 4 363 195 363 203 371 203 371 195 0
2 4 363 91 363 99 371 99 371 91 0
2 4 363 203 363 211 371 211 371 203 0
2 4 363 107 363 115 371 115 371 107 0
2 4 355 267 355 275 363 275 363 267 0
2 4 355 195 355 203 363 203 363 195 0
2 4 355 339 355 347 363 347 363 339 0
2 4 355 323 355 331 363 331 363 323 0
2 4 363 123 363 131 371 131 371 123 0
2 4 355 219 355 227 363 227 363 219 0
2 4 355 275 355 283 363 283 363 275 0
2 4 355 291 355 299 363 299 363 291 0
2 4 355 347 355 355 363 355 363 347 0
2 4 363 187 363 195 371 195 371 187 0
2 4 363 59 363 67 371 67 371 59 0
2 4 355 227 355 235 363 235 363 227 0
2 4 363 131 363 139 371 139 371 131 0
2 4 363 115 363 123 371 123 371 115 0
2 4 363 155 363 163 371 163 371 155 0
2 4 363 211 363 219 371 219 371 211 0
2 4 363 163 363 171 371 171 371 163 0
2 4 355 187 355 195 363 195 363 187 0
2 4 355 315 355 323 363 323 363 315 0
2 4 355 283 355 291 363 291 363 283 0
2 4 363 259 363 267 371 267 371 259 0
2 4 363 67 363 75 371 75 371 67 0
2 4 363 227 363 235 371 235 371 227 0
2 4 363 219 363 227 371 227 371 219 0
2 4 363 243 363 251 371 251 371 243 0
2 4 363 235 363 243 371 243 371 235 0
2 4 363 251 363 259 371 259 371 251 0
2 4 363 99 363 107 371 107 371 99 0
2 4 371 227 371 235 379 235 379 227 0
2 4 371 67 371 75 379 75 379 67 0
2 4 363 339 363 347 371 347 371 339 0
2 4 371 195 371 203 379 203 379 195 0
2 4 363 291 363 299 371 299 371 291 0
2 4 371 107 371 115 379 115 379 107 0
2 4 363 307 363 315 371 315 371 307 0
2 4 363 299 363 307 371 307 371 299 0
2 4 371 155 371 163 379 163 379 155 0
2 4 371 187 371 195 379 195 379 187 0
2 4 371 91 371 99 379 99 379 91 0
2 4 371 251 371 259 379 259 379 251 0
2 4 363 331 363 339 371 339 371 331 0
2 4 371 219 371 227 379 227 379 219 0
2 4 371 299 371 307 379 307 379 299 0
2 4 371 59 371 67 379 67 379 59 0
2 4 371 163 371 171 379 171 379 163 0
2 4 371 259 371 267 379 267 379 259 0
2 4 371 131 371 139 379 139 379 131 0
2 4 379 67 379 75 387 75 387 67 0
2 4 371 243 371 251 379 251 379 243 0
2 4 371 123 371 131 379 131 379 123 0
2 4 363 323 363 331 371 331 371 323 0
2 4 371 235 371 243 379 243 379 235 0
2 4 379 59 379 67 387 67 387 59 0
2 4 371 99 371 107 379 107 379 99 0
2 4 371 307 371 315 379 315 379 307 0
2 4 371 331 371 339 379 339 379 331 0
2 4 371 115 371 123 379 123 379 115 0
2 4 371 211 371 219 379 219 379 211 0
2 4 371 323 371 331 379 331 379 323 0
2 4 371 203 371 211 379 211 379 203 0
2 4 323 99 323 107 331 107 331 99 0
2 4 323 379 323 387 331 387 331 379 0
2 4 323 107 323 115 331 115 331 107 0
2 4 323 131 323 139 331 139 331 131 0
2 4 323 59 323 67 331 67 331 59 0
2 4 323 83 323 91 331 91 331 83 0
2 4 315 315 315 323 323 323 323 315 0
2 4 315 323 315 331 323 331 323 323 0
2 4 315 379 315 387 323 387 323 379 0
2 4 323 75 323 83 331 83 331 75 0
2 4 323 139 323 147 331 147 331 139 0
2 4 323 123 323 131 331 131 331 123 0
2 4 323 163 323 171 331 171 331 163 0
2 4 315 307 315 315 323 315 323 307 0
2 4 315 371 315 379 323 379 323 371 0
2 4 323 267 323 275 331 275 331 267 0
2 4 323 91 323 99 331 99 331 91 0
2 4 323 147 323 155 331 155 331 147 0
2 4 323 211 323 219 331 219 331 211 0
2 4 323 67 323 75 331 75 331 67 0
2 4 323 315 323 323 331 323 331 315 0
2 4 323 219 323 227 331 227 331 219 0
2 4 315 275 315 283 323 283 323 275 0
2 4 323 323 323 331 331 331 331 323 0
2 4 323 203 323 211 331 211 331 203 0
2 4 323 259 323 267 331 267 331 259 0
2 4 323 227 323 235 331 235 331 227 0
2 4 323 155 323 163 331 163 331 155 0
2 4 323 251 323 259 331 259 331 251 0
2 4 323 115 323 123 331 123 331 115 0
2 4 323 371 323 379 331 379 331 371 0
2 4 323 275 323 283 331 283 331 275 0
2 4 331 347 331 355 339 355 339 347 0
2 4 331 259 331 267 339 267 339 259 0
2 4 339 283 339 291 347 291 347 283 0
2 4 331 339 331 347 339 347 339 339 0
2 4 331 323 331 331 339 331 339 323 0
2 4 331 211 331 219 339 219 339 211 0
2 4 331 59 331 67 339 67 339 59 0
2 4 339 291 339 299 347 299 347 291 0
2 4 331 307 331 315 339 315 339 307 0
2 4 331 363 331 371 339 371 339 363 0
2 4 427 155 427 163 435 163 435 155 0
2 4 427 299 427 307 435 307 435 299 0
2 4 427 339 427 347 435 347 435 339 0
2 4 427 131 427 139 435 139 435 131 0
2 4 427 91 427 99 435 99 435 91 0
2 4 427 115 427 123 435 123 435 115 0
2 4 427 107 427 115 435 115 435 107 0
2 4 427 243 427 251 435 251 435 243 0
2 4 427 283 427 291 435 291 435 283 0
2 4 427 83 427 91 435 91 435 83 0
2 4 427 347 427 355 435 355 435 347 0
2 4 427 147 427 155 435 155 435 147 0
2 4 427 259 427 267 435 267 435 259 0
2 4 427 99 427 107 435 107 435 99 0
2 4 387 67 387 75 395 75 395 67 0
2 4 379 299 379 307 387 307 387 299 0
2 4 379 107 379 115 387 115 387 107 0
2 4 379 163 379 171 387 171 387 163 0
2 4 379 307 379 315 387 315 387 307 0
2 4 379 187 379 195 387 195 387 187 0
2 4 379 347 379 355 387 355 387 347 0
2 4 387 155 387 163 395 163 395 155 0
2 4 379 275 379 283 387 283 387 275 0
2 4 379 203 379 211 387 211 387 203 0
2 4 379 259 379 267 387 267 387 259 0
2 4 387 115 387 123 395 123 395 115 0
2 4 387 59 387 67 395 67 395 59 0
2 4 387 107 387 115 395 115 395 107 0
2 4 379 155 379 163 387 163 387 155 0
2 4 387 91 387 99 395 99 395 91 0
2 4 387 163 387 171 395 171 395 163 0
2 4 379 339 379 347 387 347 387 339 0
2 4 387 131 387 139 395 139 395 131 0
2 4 387 187 387 195 395 195 395 187 0
2 4 379 251 379 259 387 259 387 251 0
2 4 379 131 379 139 387 139 387 131 0
2 4 387 123 387 131 395 131 395 123 0
2 4 387 195 387 203 395 203 395 195 0
2 4 379 91 379 99 387 99 387 91 0
2 4 379 211 379 219 387 219 387 211 0
2 4 379 267 379 275 387 275 387 267 0
2 4 387 99 387 107 395 107 395 99 0
2 4 379 123 379 131 387 131 387 123 0
2 4 379 99 379 107 387 107 387 99 0
2 4 379 195 379 203 387 203 387 195 0
2 4 379 115 379 123 387 123 387 115 0
2 4 395 251 395 259 403 259 403 251 0
2 4 395 187 395 195 403 195 403 187 0
2 4 395 275 395 283 403 283 403 275 0
2 4 395 299 395 307 403 307 403 299 0
2 4 387 211 387 219 395 219 395 211 0
2 4 395 155 395 163 403 163 403 155 0
2 4 387 299 387 307 395 307 395 299 0
2 4 395 267 395 275 403 275 403 267 0
2 4 395 371 395 379 403 379 403 371 0
2 4 387 347 387 355 395 355 395 347 0
2 4 395 195 395 203 403 203 403 195 0
2 4 395 211 395 219 403 219 403 211 0
2 4 395 67 395 75 403 75 403 67 0
2 4 395 203 395 211 403 211 403 203 0
2 4 395 339 395 347 403 347 403 339 0
2 4 395 347 395 355 403 355 403 347 0
2 4 387 307 387 315 395 315 395 307 0
2 4 395 259 395 267 403 267 403 259 0
2 4 403 67 403 75 411 75 411 67 0
2 4 387 339 387 347 395 347 395 339 0
2 4 395 163 395 171 403 171 403 163 0
2 4 387 267 387 275 395 275 395 267 0
2 4 387 275 387 283 395 283 395 275 0
2 4 387 259 387 267 395 267 395 259 0
2 4 403 155 403 163 411 163 411 155 0
2 4 403 163 403 171 411 171 411 163 0
2 4 395 59 395 67 403 67 403 59 0
2 4 387 251 387 259 395 259 395 251 0
2 4 395 307 395 315 403 315 403 307 0
2 4 395 379 395 387 403 387 403 379 0
2 4 403 59 403 67 411 67 411 59 0
2 4 387 203 387 211 395 211 395 203 0
2 4 411 155 411 163 419 163 419 155 0
2 4 411 203 411 211 419 211 419 203 0
2 4 411 299 411 307 419 307 419 299 0
2 4 403 371 403 379 411 379 411 371 0
2 4 411 211 411 219 419 219 419 211 0
2 4 411 243 411 251 419 251 419 243 0
2 4 411 235 411 243 419 243 419 235 0
2 4 411 251 411 259 419 259 419 251 0
2 4 403 251 403 259 411 259 411 251 0
2 4 411 123 411 131 419 131 419 123 0
2 4 411 259 411 267 419 267 419 259 0
2 4 403 299 403 307 411 307 411 299 0
2 4 411 91 411 99 419 99 419 91 0
2 4 411 163 411 171 419 171 419 163 0
2 4 411 283 411 291 419 291 419 283 0
2 4 411 291 411 299 419 299 419 291 0
2 4 411 107 411 115 419 115 419 107 0
2 4 411 147 411 155 419 155 419 147 0
2 4 411 59 411 67 419 67 419 59 0
2 4 403 211 403 219 411 219 411 211 0
2 4 403 259 403 267 411 267 411 259 0
2 4 411 99 411 107 419 107 419 99 0
2 4 411 83 411 91 419 91 419 83 0
2 4 403 379 403 387 411 387 411 379 0
2 4 411 131 411 139 419 139 419 131 0
2 4 411 307 411 315 419 315 419 307 0
2 4 411 75 411 83 419 83 419 75 0
2 4 403 307 403 315 411 315 411 307 0
2 4 411 67 411 75 419 75 419 67 0
2 4 411 115 411 123 419 123 419 115 0
2 4 411 139 411 147 419 147 419 139 0
2 4 403 203 403 211 411 211 411 203 0
2 4 411 339 411 347 419 347 419 339 0
2 4 419 107 419 115 427 115 427 107 0
2 4 411 379 411 387 419 387 419 379 0
2 4 419 251 419 259 427 259 427 251 0
2 4 419 259 419 267 427 267 427 259 0
2 4 419 115 419 123 427 123 427 115 0
2 4 419 123 419 131 427 131 427 123 0
2 4 419 283 419 291 427 291 427 283 0
2 4 419 211 419 219 427 219 427 211 0
2 4 419 83 419 91 427 91 427 83 0
2 4 419 91 419 99 427 99 427 91 0
2 4 419 339 419 347 427 347 427 339 0
2 4 419 243 419 251 427 251 427 243 0
2 4 419 59 419 67 427 67 427 59 0
2 4 411 347 411 355 419 355 419 347 0
2 4 419 99 419 107 427 107 427 99 0
2 4 419 67 419 75 427 75 427 67 0
2 4 419 307 419 315 427 315 427 307 0
2 4 419 235 419 243 427 243 427 235 0
2 4 419 203 419 211 427 211 427 203 0
2 4 419 347 419 355 427 355 427 347 0
2 4 411 371 411 379 419 379 419 371 0
2 4 419 131 419 139 427 139 427 131 0
2 4 419 139 419 147 427 147 427 139 0
2 4 419 147 419 155 427 155 427 147 0
2 4 419 163 419 171 427 171 427 163 0
2 4 419 291 419 299 427 299 427 291 0
2 4 427 67 427 75 435 75 435 67 0
2 4 427 59 427 67 435 67 435 59 0
2 4 419 299 419 307 427 307 427 299 0
2 4 419 155 419 163 427 163 427 155 0
2 4 419 75 419 83 427 83 427 75 0
2 4 427 123 427 131 435 131 435 123 0
2 4 427 211 427 219 435 219 435 211 0
2 4 427 163 427 171 435 171 435 163 0
2 4 427 75 427 83 435 83 435 75 0
2 4 427 251 427 259 435 259 435 251 0
2 4 427 307 427 315 435 315 435 307 0
2 4 427 235 427 243 435 243 435 235 0
2 4 427 203 427 211 435 211 435 203 0
2 4 427 139 427 147 435 147 435 139 0
2 4 427 291 427 299 435 299 435 291 0